image_width: 320
image_height: 240
camera_name: camera
camera_matrix:
  rows: 3
  cols: 3
  data: [250.784563, 0.000000,   158.347469,
         0.000000,   251.011016, 118.913593,
         0.000000,   0.000000,   1.000000]
distortion_model: plumb_bob
distortion_coefficients:
  rows: 1
  cols: 5
  data: [0.147655, -0.243849, -0.000279, 0.000909, 0.000000]
rectification_matrix:
  rows: 3
  cols: 3
  data: [1.000000, 0.000000, 0.000000,
         0.000000, 1.000000, 0.000000,
         0.000000, 0.000000, 1.000000]
projection_matrix:
  rows: 3
  cols: 4
  data: [255.118347, 0.000000,   158.072103, 0.000000,
         0.000000,   255.676529, 118.361317, 0.000000,
         0.000000,   0.000000,   1.000000,   0.000000]
